2,12
2,10
2,9
2,8
2,7
2,5
2,2
2,0
1,2
1,0
0,485
0,460
0,456
0,454
0,452
0,451
0,449
0,447
0,445
0,440
0,437
0,436
0,434
0,433
0,432
0,431
0,428
0,426
0,425
0,424
0,423
0,421
0,419
0,417
0,415
0,412
0,411
0,410
0,409
0,408
0,407
0,406
0,404
0,403
0,402
0,401
0,400
0,399
0,398
0,397
0,396
0,393
0,392
0,391
0,390
0,389
0,387
2,6
0,385
0,382
2,14
4,1
0,381
4,3
0,380
0,379
0,378
0,377
0,375
0,374
0,373
0,372
0,371
0,370
0,369
0,368
0,367
0,366
0,365
0,364
0,363
0,361
0,360
0,359
0,357
0,356
0,355
0,354
0,353
2,1
60,6
0,352
0,351
60,4
2,11
0,350
70,1
0,349
70,3
0,384
1,1
1,3
60,5
60,1
60,3
0,347
0,346
0,345
0,344
0,343
0,322
0,413
75,1
0,315
2,3
75,11
0,312
0,306
0,301
75,3
0,243
0,443
0,0
0,441
0,9
0,310
0,305
0,446
0,439
0,308
0,304
0,303
0,302
0,307
0,442
0,12
0,358
0,10
0,8
0,483
0,300
0,309
0,299
0,507
0,298
0,342
0,297
0,341
0,296
0,506
0,295
0,388
0,294
0,505
0,293
0,482
0,292
0,340
0,291
0,461
0,290
0,418
0,289
0,459
0,288
0,339
0,287
0,416
0,286
0,386
0,285
0,458
0,284
2,13
2,15
2,17
2,18
3,0
3,1
3,3
3,5
3,6
4,2
6,1
7,1
7,4
7,7
8,3
8,4
9,3
9,5
11,3
11,6
12,1
12,4
12,5
12,7
12,14
12,15
12,17
12,18
12,20
13,1
14,1
15,1
15,3
15,6
16,1
16,6
17,3
18,0
18,2
18,3
18,5
18,6
18,8
18,10
18,11
18,13
18,14
18,16
20,1
20,3
21,3
21,4
23,1
24,1
24,3
25,3
26,1
27,1
27,3
28,3
29,3
30,1
31,1
31,3
32,3
33,3
34,1
35,1
35,3
36,3
37,1
38,1
39,1
39,3
40,3
41,1
42,1
43,1
43,3
44,3
44,4
45,1
45,3
46,1
46,3
46,4
46,6
46,7
49,3
50,1
50,3
53,3
53,5
55,1
56,1
56,3
57,3
57,4
58,3
58,5
59,2
60,2
61,1
61,4
61,5
61,8
63,3
63,4
65,3
65,5
67,2
67,3
70,2
70,6
70,7
71,1
71,3
72,1
72,4
73,1
74,1
74,3
75,2
75,4
75,6
75,8
75,9
76,1
76,3
77,3
78,3
78,4
79,3
81,1
81,3
81,4
81,6
83,1
83,2
83,4
83,5
83,7
83,9
83,10
83,12
83,13
83,15
83,17
83,18
84,1
84,3
86,1
86,3
87,2
87,4
87,5
88,1
88,3
88,6
89,1
89,3
90,1
90,3
91,1
91,3
92,1
92,4
92,9
93,3
93,4
94,3
94,6
94,7
95,3
95,4
96,3
96,4
96,6
97,3
97,4
98,3
98,4
98,6
99,1
99,3
99,5
99,6
101,3
102,3
107,1
107,3
107,4
108,1
108,3
109,3
110,1
110,2
111,0
111,1
111,3
111,5
112,0
112,2
112,3
113,1
113,2
113,4
114,0
114,1
114,3
114,4
114,6
115,1
115,2
116,0
116,1
116,3
117,0
117,2
117,4
117,5
118,1
118,2
118,4
118,6
119,0
119,2
119,3
119,5
119,6
120,1
120,3
120,4
121,1
121,2
121,4
122,1
122,2
122,4
122,5
123,0
123,2
123,3
123,5
123,6
123,8
124,0
124,2
124,4
125,0
125,2
125,3
125,5
126,0
126,1
126,3
126,4
127,0
127,1
127,3
127,5
128,0
128,2
128,3
129,1
129,3
130,0
130,2
130,3
131,0
131,1
131,3
132,1
132,2
133,0
133,1
133,3
135,1
135,2
135,4
135,5
135,7
135,9
135,10
135,12
135,13
136,1
136,2
136,4
136,6
136,7
136,9
137,0
137,2
137,4
137,5
138,1
138,2
138,4
138,5
138,7
138,9
144,0
144,2
144,3
144,5
144,7
144,8
144,10
144,11
144,13
144,14
145,0
145,2
145,3
145,4
145,1
144,15
144,12
144,9
144,6
144,4
144,1
138,8
138,6
138,3
138,0
137,3
137,1
136,8
136,5
136,3
136,0
135,11
135,8
135,6
135,3
135,0
133,2
132,3
132,0
131,2
130,4
130,1
129,2
129,0
128,1
127,4
127,2
126,5
126,2
125,6
125,4
125,1
124,3
124,1
123,7
123,4
123,1
122,6
122,3
122,0
121,3
121,0
120,2
120,0
119,4
119,1
118,5
118,3
118,0
117,3
117,1
116,2
115,3
115,0
114,5
114,2
113,5
113,3
113,0
112,1
111,4
111,2
110,3
110,0
109,1
107,5
107,2
102,1
101,1
99,4
98,7
98,5
98,1
97,1
96,5
96,1
95,1
94,4
94,1
93,1
92,3
91,6
90,4
89,4
88,7
88,4
87,6
87,3
87,1
84,4
83,19
83,16
83,14
83,11
83,8
83,6
83,3
83,0
81,5
81,2
79,1
78,1
77,1
75,10
75,7
75,5
75,0
73,3
72,3
71,5
70,8
70,5
70,0
67,1
65,1
63,1
61,6
61,3
59,3
59,1
58,1
57,1
55,3
53,6
53,1
49,4
49,1
46,5
46,2
45,4
44,5
44,1
42,3
41,3
40,1
38,3
37,3
36,1
34,3
33,1
32,1
30,3
29,1
28,1
26,3
25,1
23,3
21,5
21,1
18,17
18,15
18,12
18,9
18,7
18,4
18,1
17,1
16,3
15,5
14,3
13,3
12,19
12,16
12,13
12,6
12,3
11,5
11,1
9,1
8,1
7,3
6,3
4,0
3,4
3,2
2,19
2,16
0,338
0,283
0,414
0,282
0,457
0,281
0,481
0,280
0,480
0,279
0,504
0,278
0,337
0,277
0,276
0,503
0,275
0,479
0,274
0,478
0,273
0,336
0,272
0,271
0,335
0,270
0,444
0,269
0,477
0,268
0,455
0,267
0,266
0,334
0,265
0,502
0,264
0,263
0,333
0,262
0,383
0,261
0,501
0,260
0,259
0,453
0,258
0,332
0,257
0,500
0,256
0,362
0,255
0,254
0,476
0,253
0,499
0,252
0,475
0,251
0,435
0,250
0,331
0,249
0,330
0,248
0,474
0,247
0,329
0,246
0,473
0,245
0,376
0,244
0,472
0,242
0,241
0,240
0,471
0,239
0,405
0,238
0,328
0,237
0,498
0,236
0,470
0,235
0,497
0,234
0,233
0,496
0,232
0,231
0,469
0,230
0,229
0,495
0,228
0,227
0,468
0,226
0,327
0,225
0,224
0,494
0,223
0,450
0,222
0,493
0,221
0,430
0,220
0,219
0,218
0,448
0,217
0,492
0,216
0,319
0,215
0,318
0,214
0,467
0,213
0,429
0,212
0,326
0,211
0,317
0,210
0,316
0,209
0,491
0,208
0,490
0,207
0,325
0,206
0,489
0,205
0,204
0,324
0,203
0,427
0,202
0,323
0,201
0,321
0,200
0,466
0,199
0,395
0,198
0,488
0,197
0,465
0,196
0,195
0,194
0,320
0,193
0,192
0,487
0,63
0,464
0,62
0,422
0,61
0,314
0,60
0,511
0,59
0,394
0,58
0,313
0,57
0,56
0,510
0,55
0,463
0,54
0,53
0,420
0,52
0,51
0,462
0,50
0,486
0,49
0,348
0,48
0,484
0,47
0,311
0,46
0,509
0,45
0,508
0,6
0,5
0,1
0,438
0,11
0,4
0,2
0,3
0,7
